spawn:
  world: world
  x: 329.3466265412989
  y: 72.0
  z: -43.69874712753096
  yaw: -157.89954
  pitch: 33.0086
